't','res','ferm','glc'
0,0.6,0.4,5
0.00042651,0.58745,0.41255,4.9999
0.00085301,0.57505,0.42495,4.9998
0.0012795,0.56282,0.43718,4.9997
0.001706,0.55078,0.44922,4.9996
0.0028212,0.52026,0.47974,4.9994
0.0039364,0.49128,0.50872,4.9991
0.0050516,0.46395,0.53605,4.9988
0.0061668,0.43833,0.56167,4.9985
0.0071861,0.4164,0.5836,4.9982
0.0082054,0.39585,0.60415,4.9979
0.0092247,0.37663,0.62337,4.9976
0.010244,0.35868,0.64132,4.9973
0.011263,0.34194,0.65806,4.9969
0.012283,0.32632,0.67368,4.9966
0.013302,0.31175,0.68825,4.9962
0.014321,0.29815,0.70185,4.9959
0.015354,0.28531,0.71469,4.9955
0.016386,0.27332,0.72668,4.9951
0.017418,0.26213,0.73787,4.9948
0.018451,0.25167,0.74833,4.9944
0.019575,0.24103,0.75897,4.994
0.0207,0.23112,0.76888,4.9935
0.021825,0.22189,0.77811,4.9931
0.022949,0.21326,0.78674,4.9927
0.024208,0.20427,0.79573,4.9922
0.025466,0.19592,0.80408,4.9917
0.026724,0.18814,0.81186,4.9912
0.027982,0.18089,0.81911,4.9906
0.029414,0.17322,0.82678,4.9901
0.030846,0.16611,0.83389,4.9895
0.032278,0.1595,0.8405,4.9889
0.03371,0.15335,0.84665,4.9883
0.035361,0.14677,0.85323,4.9876
0.037013,0.14068,0.85932,4.9869
0.038665,0.13503,0.86497,4.9862
0.040317,0.12979,0.87021,4.9855
0.042243,0.12412,0.87588,4.9846
0.04417,0.1189,0.8811,4.9838
0.046096,0.11406,0.88594,4.9829
0.048023,0.10958,0.89042,4.9821
0.050292,0.1047,0.8953,4.9811
0.052561,0.10021,0.89979,4.9801
0.054829,0.096068,0.90393,4.9791
0.057098,0.092233,0.90777,4.978
0.059794,0.088034,0.91197,4.9768
0.062489,0.084179,0.91582,4.9756
0.065185,0.080629,0.91937,4.9744
0.067881,0.07735,0.92265,4.9732
0.07111,0.073739,0.92626,4.9717
0.07434,0.070433,0.92957,4.9702
0.077569,0.067396,0.9326,4.9687
0.080799,0.064597,0.9354,4.9672
0.084699,0.061496,0.9385,4.9654
0.0886,0.058666,0.94133,4.9636
0.0925,0.056073,0.94393,4.9618
0.096401,0.053688,0.94631,4.96
0.10115,0.051033,0.94897,4.9578
0.1059,0.048617,0.95138,4.9556
0.11065,0.046409,0.95359,4.9534
0.11539,0.044383,0.95562,4.9512
0.12122,0.042116,0.95788,4.9484
0.12704,0.040059,0.95994,4.9457
0.13287,0.038185,0.96181,4.943
0.1387,0.03647,0.96353,4.9402
0.1459,0.034541,0.96546,4.9369
0.15311,0.032797,0.9672,4.9335
0.16031,0.031212,0.96879,4.9301
0.16751,0.029766,0.97023,4.9267
0.1765,0.028132,0.97187,4.9225
0.18548,0.026659,0.97334,4.9183
0.19446,0.025325,0.97468,4.914
0.20344,0.024111,0.97589,4.9098
0.21474,0.022732,0.97727,4.9045
0.22603,0.021494,0.97851,4.8992
0.23733,0.020377,0.97962,4.8939
0.24862,0.019363,0.98064,4.8886
0.26294,0.018206,0.98179,4.882
0.27727,0.017171,0.98283,4.8753
0.29159,0.016241,0.98376,4.8686
0.30592,0.0154,0.9846,4.8619
0.32425,0.014434,0.98557,4.8534
0.34259,0.013574,0.98643,4.845
0.36092,0.012805,0.9872,4.8365
0.37926,0.012111,0.98789,4.8281
0.40295,0.011311,0.98869,4.8172
0.42665,0.010602,0.9894,4.8064
0.45035,0.0099701,0.99003,4.7956
0.47405,0.0094032,0.9906,4.7848
0.50501,0.0087451,0.99125,4.7708
0.53597,0.0081656,0.99183,4.7569
0.56693,0.0076518,0.99235,4.7431
0.59789,0.0071929,0.99281,4.7294
0.63881,0.006657,0.99334,4.7113
0.67972,0.0061883,0.99381,4.6933
0.72064,0.0057752,0.99422,4.6755
0.76155,0.0054084,0.99459,4.6578
0.81636,0.0049772,0.99502,4.6344
0.87117,0.0046033,0.9954,4.6111
0.92597,0.0042763,0.99572,4.5881
0.98078,0.003988,0.99601,4.5652
1.0554,0.0036466,0.99635,4.5345
1.1301,0.0033538,0.99665,4.5042
1.2047,0.0031004,0.9969,4.4743
1.2794,0.0028792,0.99712,4.4447
1.3836,0.0026144,0.99739,4.4041
1.4877,0.0023912,0.99761,4.3642
1.5919,0.0022012,0.9978,4.3251
1.6961,0.002038,0.99796,4.2866
1.8483,0.0018383,0.99816,4.2316
2.0006,0.0016753,0.99832,4.1779
2.1528,0.0015413,0.99846,4.1256
2.305,0.0014301,0.99857,4.0746
2.5664,0.001281,0.99872,3.9899
2.8278,0.0011733,0.99883,3.9086
3.0893,0.0010974,0.9989,3.8305
3.3507,0.0010464,0.99895,3.7555
3.6797,0.0010121,0.99899,3.6651
4.0087,0.001008,0.99899,3.579
4.3376,0.0010329,0.99897,3.4968
4.6666,0.0010884,0.99891,3.4184
5.1001,0.001216,0.99878,3.3202
5.5336,0.0014218,0.99858,3.2275
5.9671,0.001738,0.99826,3.1399
6.4005,0.002215,0.99779,3.0569
6.7692,0.002801,0.9972,2.9897
7.1379,0.0036238,0.99638,2.9255
7.5067,0.0047677,0.99523,2.864
7.8754,0.006329,0.99367,2.8052
8.0774,0.0073984,0.9926,2.774
8.2794,0.0086369,0.99136,2.7435
8.4814,0.010053,0.98995,2.7137
8.6834,0.01165,0.98835,2.6846
8.8854,0.013423,0.98658,2.6562
9.0874,0.015361,0.98464,2.6284
9.2894,0.017448,0.98255,2.6012
9.4914,0.019663,0.98034,2.5747
9.6276,0.021217,0.97878,2.5571
9.7638,0.022812,0.97719,2.5398
9.8999,0.024445,0.97556,2.5228
10.036,0.026109,0.97389,2.506
10.172,0.027801,0.9722,2.4895
10.308,0.029521,0.97048,2.4732
10.445,0.031265,0.96873,2.4572
10.581,0.033035,0.96696,2.4414
10.712,0.034763,0.96524,2.4264
10.843,0.036517,0.96348,2.4116
10.974,0.038299,0.9617,2.397
11.105,0.040111,0.95989,2.3826
11.224,0.041789,0.95821,2.3697
11.344,0.043497,0.9565,2.3569
11.463,0.045236,0.95476,2.3443
11.582,0.047009,0.95299,2.3319
11.69,0.048638,0.95136,2.3208
11.798,0.050298,0.9497,2.3098
11.905,0.05199,0.94801,2.299
12.013,0.053716,0.94628,2.2882
12.112,0.055328,0.94467,2.2785
12.21,0.05697,0.94303,2.2689
12.309,0.058644,0.94136,2.2593
12.408,0.060351,0.93965,2.2499
12.5,0.061973,0.93803,2.2412
12.592,0.063626,0.93637,2.2325
12.684,0.06531,0.93469,2.224
12.776,0.067025,0.93298,2.2155
12.864,0.068676,0.93132,2.2075
12.951,0.070356,0.92964,2.1997
13.038,0.072067,0.92793,2.1918
13.125,0.073808,0.92619,2.1841
13.208,0.075497,0.9245,2.1768
13.292,0.077215,0.92279,2.1695
13.375,0.078962,0.92104,2.1623
13.458,0.080739,0.91926,2.1552
13.538,0.082472,0.91753,2.1484
13.618,0.084234,0.91577,2.1417
13.697,0.086024,0.91398,2.135
13.777,0.087843,0.91216,2.1283
13.854,0.089625,0.91038,2.122
13.931,0.091434,0.90857,2.1157
14.008,0.093271,0.90673,2.1095
14.085,0.095137,0.90486,2.1033
14.16,0.096969,0.90303,2.0973
14.234,0.098829,0.90117,2.0915
14.309,0.10072,0.89928,2.0856
14.383,0.10263,0.89737,2.0798
14.455,0.10452,0.89548,2.0742
14.528,0.10643,0.89357,2.0686
14.6,0.10837,0.89163,2.0631
14.672,0.11034,0.88966,2.0577
14.742,0.11228,0.88772,2.0524
14.813,0.11424,0.88576,2.0472
14.883,0.11624,0.88376,2.0419
14.953,0.11826,0.88174,2.0368
15.022,0.12026,0.87974,2.0318
15.09,0.12228,0.87772,2.0268
15.159,0.12433,0.87567,2.0219
15.227,0.12641,0.87359,2.017
15.294,0.12846,0.87154,2.0123
15.361,0.13054,0.86946,2.0075
15.428,0.13265,0.86735,2.0029
15.495,0.13478,0.86522,1.9982
15.56,0.1369,0.8631,1.9937
15.626,0.13904,0.86096,1.9892
15.691,0.1412,0.8588,1.9848
15.757,0.1434,0.8566,1.9804
15.821,0.14557,0.85443,1.9761
15.885,0.14777,0.85223,1.9718
15.949,0.15,0.85,1.9675
16.013,0.15225,0.84775,1.9633
16.076,0.15449,0.84551,1.9592
16.139,0.15675,0.84325,1.9551
16.202,0.15904,0.84096,1.9511
16.265,0.16136,0.83864,1.9471
16.327,0.16366,0.83634,1.9431
16.389,0.16598,0.83402,1.9392
16.451,0.16834,0.83166,1.9354
16.513,0.17071,0.82929,1.9315
16.574,0.17308,0.82692,1.9278
16.635,0.17547,0.82453,1.924
16.695,0.17789,0.82211,1.9203
16.756,0.18033,0.81967,1.9166
16.816,0.18276,0.81724,1.913
16.876,0.18522,0.81478,1.9094
16.936,0.1877,0.8123,1.9059
16.996,0.19021,0.80979,1.9023
17.056,0.19271,0.80729,1.8989
17.115,0.19524,0.80476,1.8954
17.174,0.19779,0.80221,1.892
17.233,0.20036,0.79964,1.8886
17.292,0.20293,0.79707,1.8853
17.35,0.20552,0.79448,1.8819
17.409,0.20814,0.79186,1.8787
17.467,0.21079,0.78921,1.8754
17.525,0.21343,0.78657,1.8722
17.583,0.21609,0.78391,1.869
17.641,0.21878,0.78122,1.8658
17.699,0.2215,0.7785,1.8627
17.756,0.22421,0.77579,1.8596
17.813,0.22695,0.77305,1.8565
17.871,0.22971,0.77029,1.8535
17.928,0.2325,0.7675,1.8504
17.985,0.23528,0.76472,1.8475
18.042,0.23809,0.76191,1.8445
18.098,0.24093,0.75907,1.8416
18.155,0.24379,0.75621,1.8386
18.212,0.24665,0.75335,1.8357
18.268,0.24953,0.75047,1.8329
18.324,0.25244,0.74756,1.83
18.381,0.25538,0.74462,1.8272
18.437,0.25832,0.74168,1.8244
18.493,0.26128,0.73872,1.8217
18.549,0.26426,0.73574,1.8189
18.605,0.26727,0.73273,1.8162
18.66,0.27029,0.72971,1.8135
18.716,0.27333,0.72667,1.8108
18.772,0.2764,0.7236,1.8082
18.827,0.27948,0.72052,1.8056
18.883,0.28258,0.71742,1.803
18.938,0.2857,0.7143,1.8004
18.994,0.28884,0.71116,1.7978
19.049,0.29201,0.70799,1.7952
19.105,0.29519,0.70481,1.7927
19.16,0.29839,0.70161,1.7902
19.215,0.30162,0.69838,1.7877
19.27,0.30486,0.69514,1.7853
19.325,0.30813,0.69187,1.7828
19.381,0.31141,0.68859,1.7804
19.436,0.31472,0.68528,1.778
19.491,0.31805,0.68195,1.7756
19.546,0.3214,0.6786,1.7732
19.601,0.32477,0.67523,1.7709
19.656,0.32816,0.67184,1.7685
19.711,0.33157,0.66843,1.7662
19.766,0.33501,0.66499,1.7639
19.822,0.33846,0.66154,1.7616
19.877,0.34194,0.65806,1.7594
19.932,0.34544,0.65456,1.7571
19.987,0.34896,0.65104,1.7549
20.042,0.35251,0.64749,1.7527
20.097,0.35607,0.64393,1.7505
20.153,0.35966,0.64034,1.7483
20.208,0.36327,0.63673,1.7461
20.263,0.36691,0.63309,1.744
20.319,0.37056,0.62944,1.7418
20.374,0.37423,0.62577,1.7397
20.43,0.37794,0.62206,1.7376
20.485,0.38167,0.61833,1.7355
20.541,0.38541,0.61459,1.7335
20.596,0.38917,0.61083,1.7314
20.652,0.39298,0.60702,1.7293
20.708,0.3968,0.6032,1.7273
20.764,0.40063,0.59937,1.7253
20.82,0.40449,0.59551,1.7233
20.876,0.40839,0.59161,1.7213
20.932,0.4123,0.5877,1.7193
20.988,0.41623,0.58377,1.7174
21.045,0.42018,0.57982,1.7154
21.101,0.42417,0.57583,1.7135
21.158,0.42819,0.57181,1.7116
21.215,0.43221,0.56779,1.7097
21.271,0.43625,0.56375,1.7078
21.329,0.44035,0.55965,1.7059
21.386,0.44446,0.55554,1.704
21.443,0.44858,0.55142,1.7022
21.501,0.45272,0.54728,1.7003
21.558,0.45692,0.54308,1.6985
21.616,0.46113,0.53887,1.6967
21.674,0.46535,0.53465,1.6949
21.732,0.46958,0.53042,1.6931
21.791,0.47388,0.52612,1.6913
21.85,0.47819,0.52181,1.6895
21.908,0.48252,0.51748,1.6878
21.967,0.48685,0.51315,1.686
22.027,0.49125,0.50875,1.6843
22.086,0.49567,0.50433,1.6826
22.146,0.50009,0.49991,1.6808
22.205,0.50452,0.49548,1.6792
22.266,0.50903,0.49097,1.6775
22.327,0.51355,0.48645,1.6758
22.387,0.51808,0.48192,1.6741
22.448,0.52261,0.47739,1.6725
22.51,0.52723,0.47277,1.6708
22.572,0.53185,0.46815,1.6692
22.633,0.53648,0.46352,1.6675
22.695,0.54111,0.45889,1.6659
22.758,0.54584,0.45416,1.6643
22.821,0.55057,0.44943,1.6627
22.885,0.55531,0.44469,1.6611
22.948,0.56004,0.43996,1.6596
23.012,0.56488,0.43512,1.658
23.077,0.56972,0.43028,1.6565
23.142,0.57455,0.42545,1.6549
23.207,0.57938,0.42062,1.6534
23.273,0.58434,0.41566,1.6519
23.339,0.58929,0.41071,1.6503
23.406,0.59422,0.40578,1.6488
23.472,0.59915,0.40085,1.6474
23.541,0.60422,0.39578,1.6459
23.609,0.60928,0.39072,1.6444
23.678,0.61432,0.38568,1.6429
23.746,0.61935,0.38065,1.6415
23.817,0.62453,0.37547,1.64
23.888,0.62969,0.37031,1.6386
23.959,0.63484,0.36516,1.6372
24.029,0.63996,0.36004,1.6358
24.103,0.64526,0.35474,1.6343
24.176,0.65053,0.34947,1.6329
24.25,0.65577,0.34423,1.6315
24.323,0.66099,0.33901,1.6302
24.4,0.6664,0.3336,1.6288
24.476,0.67177,0.32823,1.6274
24.553,0.67711,0.32289,1.6261
24.629,0.68242,0.31758,1.6248
24.709,0.68794,0.31206,1.6234
24.789,0.69342,0.30658,1.6221
24.869,0.69885,0.30115,1.6208
24.95,0.70424,0.29576,1.6195
25.034,0.70987,0.29013,1.6182
25.118,0.71544,0.28456,1.6169
25.202,0.72097,0.27903,1.6156
25.286,0.72643,0.27357,1.6143
25.376,0.73216,0.26784,1.613
25.465,0.73783,0.26217,1.6118
25.554,0.74343,0.25657,1.6106
25.643,0.74896,0.25104,1.6093
25.738,0.75479,0.24521,1.6081
25.833,0.76054,0.23946,1.6069
25.928,0.7662,0.2338,1.6057
26.023,0.77179,0.22821,1.6045
26.125,0.77771,0.22229,1.6033
26.227,0.78352,0.21648,1.6021
26.329,0.78924,0.21076,1.6009
26.431,0.79487,0.20513,1.5998
26.541,0.80085,0.19915,1.5986
26.651,0.80672,0.19328,1.5975
26.762,0.81248,0.18752,1.5963
26.872,0.81812,0.18188,1.5953
26.993,0.82416,0.17584,1.5941
27.114,0.83005,0.16995,1.593
27.235,0.83581,0.16419,1.5919
27.356,0.84143,0.15857,1.5909
27.49,0.8475,0.1525,1.5898
27.624,0.8534,0.1466,1.5887
27.758,0.85913,0.14087,1.5877
27.893,0.86469,0.13531,1.5867
28.044,0.87077,0.12923,1.5856
28.195,0.87663,0.12337,1.5846
28.347,0.88228,0.11772,1.5836
28.498,0.88773,0.11227,1.5827
28.673,0.89378,0.10622,1.5816
28.848,0.89957,0.10043,1.5806
29.022,0.9051,0.094903,1.5797
29.197,0.91038,0.089623,1.5788
29.408,0.91642,0.083575,1.5778
29.619,0.92213,0.077868,1.5769
29.83,0.92751,0.072488,1.576
30.041,0.93258,0.067423,1.5752
30.338,0.93919,0.06081,1.5741
